GenderCode	(All)										
											
Sum of Current Employee Rating	Column Labels										
Row Labels	BPC	CCDR	EW	MSC	NEL	PL	PYZ	SVG	TNS	WBL	Grand Total
Exceeds	100	123	113	117	83	104	106	137	128	85	1096
Fully Meets	712	671	699	668	758	741	663	684	685	717	6998
Needs Improvement	71	55	53	58	32	44	70	69	44	42	538
PIP	26	25	21	34	37	32	37	16	21	26	275
Grand Total	909	874	886	877	910	921	876	906	878	870	8907
